   1.5539750e+03  -3.2541870e+03  -1.0978070e+03   5.1730990e+03   4.0142850e+03  -1.0696260e+03  -2.6323000e+03   8.0470300e+03  -1.7052370e+03  -5.6691600e+03  -1.9010290e+03  -1.7231930e+03
  -3.7819200e+02  -3.5621560e+03  -1.1024090e+03   5.5922720e+03   2.1029340e+03  -1.0743840e+03  -7.2148800e+02   8.4725090e+03  -1.7055060e+03  -6.0337100e+03   2.1317000e+01  -1.7293650e+03
  -2.4836090e+03  -3.8917840e+03  -1.1218060e+03   6.0429760e+03   1.9113000e+01  -1.0936950e+03   1.3603610e+03   8.9317740e+03  -1.7211950e+03  -6.4250750e+03   2.1171910e+03  -1.7510190e+03
   1.5463480e+03  -3.2573260e+03   6.9204400e+02   5.1693360e+03   4.0049660e+03   7.2051600e+02  -2.6274340e+03   8.0495150e+03   8.4342000e+01  -5.6772940e+03  -1.8926650e+03   6.6549000e+01
  -4.0184000e+02  -3.5622250e+03   7.0254700e+02   5.5871000e+03   2.0780470e+03   7.3055100e+02  -7.0215000e+02   8.4743470e+03   9.8780000e+01  -6.0398240e+03   4.6061000e+01   7.5596000e+01
  -2.5025220e+03  -3.8883690e+03   7.1492700e+02   6.0355190e+03  -1.2800000e-01   7.4226400e+02   1.3751190e+03   8.9291670e+03   1.1586300e+02  -6.4287130e+03   2.1358370e+03   8.6561000e+01
   1.5414480e+03  -3.2567740e+03   2.1425630e+03   5.1651620e+03   3.9991060e+03   2.1706780e+03  -2.6250240e+03   8.0490200e+03   1.5358220e+03  -5.6826480e+03  -1.8879530e+03   1.5175080e+03
  -4.0051500e+02  -3.5595070e+03   2.1249290e+03   5.5797900e+03   2.0790190e+03   2.1517640e+03  -7.0680900e+02   8.4717930e+03   1.5234570e+03  -6.0419530e+03   4.4327000e+01   1.4971500e+03
  -2.5043700e+03  -3.8861400e+03   2.1105860e+03   6.0279200e+03  -1.7750000e+00   2.1381090e+03   1.3732250e+03   8.9270370e+03   1.5111520e+03  -6.4304430e+03   2.1371280e+03   1.4819960e+03
  -4.9107840e+03  -1.5879100e+02  -1.1354190e+03   2.4572980e+03  -2.6193460e+03  -1.1216720e+03   4.0112570e+03   5.3540770e+03  -1.7294880e+03  -2.7656230e+03   4.6520190e+03  -1.7530740e+03
  -5.4252810e+03   3.1526340e+03  -1.1257300e+03  -8.1851800e+02  -3.3241870e+03  -1.1243460e+03   4.7284720e+03   2.0806500e+03  -1.7192260e+03   5.3017600e+02   5.2643320e+03  -1.7325440e+03
  -4.9126840e+03  -1.4779300e+02   3.5771000e+02   2.4418300e+03  -2.6221580e+03   3.6997600e+02   4.0103120e+03   5.3435930e+03  -2.3714700e+02  -2.7590670e+03   4.6538930e+03  -2.6100600e+02
  -5.4271550e+03   3.1567350e+03   3.3129800e+02  -8.2680900e+02  -3.3279070e+03   3.3262300e+02   4.7273670e+03   2.0771890e+03  -2.6310600e+02   5.2919000e+02   5.2662160e+03  -2.7662100e+02
  -4.9125190e+03  -1.3848600e+02   1.5756820e+03   2.4293920e+03  -2.6236390e+03   1.5888770e+03   4.0083270e+03   5.3343180e+03   9.8136000e+02  -2.7538260e+03   4.6552600e+03   9.5804400e+02
  -5.1416710e+03   1.3676830e+03   1.1906760e+03   9.3941100e+02  -2.9396230e+03   1.1982580e+03   4.3305950e+03   3.8445890e+03   5.9637000e+02  -1.2534150e+03   4.9277930e+03   5.7848100e+02
  -5.4217110e+03   3.1650730e+03   1.5932870e+03  -8.4078100e+02  -3.3234630e+03   1.5953960e+03   4.7198510e+03   2.0683580e+03   9.9898600e+02   5.3297800e+02   5.2618390e+03   9.8521300e+02
  -4.0957340e+03   9.3554440e+03   6.9754500e+02  -7.0935240e+03  -2.3578980e+03   6.7927100e+02   3.7794800e+03  -4.1917400e+03   9.8724000e+01   6.7624140e+03   4.1177960e+03   1.0938600e+02
  -4.9433800e+02   9.9170240e+03  -1.0893460e+03  -7.8571100e+03   1.2068240e+03  -1.1092380e+03   2.2188500e+02  -4.9733590e+03  -1.6981460e+03   7.4358280e+03   5.3276300e+02  -1.6764980e+03
  -1.0152200e+02   9.9808650e+03   6.7243800e+02  -7.9495830e+03   1.5948020e+03   6.5440700e+02  -1.6976000e+02  -5.0613720e+03   6.7073000e+01   7.5056290e+03   1.4412300e+02   8.9026000e+01
  -5.0941200e+02   9.9199500e+03   2.1205640e+03  -7.8701000e+03   1.1906450e+03   2.1020550e+03   2.3024700e+02  -4.9749380e+03   1.5142100e+03   7.4283470e+03   5.4866300e+02   1.5348970e+03
